surv_images/0.jpg
7
0.999548 611 268 86 83
0.999154 48 307 96 86
0.998187 1027 269 78 69
0.997526 431 295 127 101
0.99615 194 217 88 76
0.57001 1190 466 86 114
0.247817 261 551 134 103
surv_images/1.jpg
13
0.999864 872 240 88 80
0.999142 166 315 102 88
0.998955 694 348 127 116
0.99852 536 299 81 71
0.996981 1050 220 77 78
0.996559 87 264 80 79
0.99361 963 382 95 71
0.983851 1152 395 122 152
0.981689 373 250 70 64
0.860502 222 560 184 164
0.848342 360 395 94 76
0.454313 163 220 78 71
0.369201 663 251 68 70
surv_images/2.jpg
11
0.999791 413 348 167 140
0.999323 1055 721 147 135
0.998899 1256 318 139 124
0.995777 1516 646 134 140
0.989403 750 212 125 107
0.973697 316 649 154 151
0.941307 1626 575 142 148
0.854435 961 20 92 64
0.514941 1060 112 105 108
0.383524 644 110 77 64
0.259347 1145 177 136 104
surv_images/3.jpg
11
0.998877 701 456 130 126
0.99865 461 148 127 120
0.998523 1129 366 125 117
0.998335 1137 17 117 109
0.997487 891 117 129 109
0.996265 305 661 201 178
0.982907 953 907 242 176
0.975978 1326 395 147 118
0.961873 856 610 159 140
0.334836 266 531 151 119
0.331306 1003 48 97 99
surv_images/4.jpg
11
0.999658 1626 797 125 119
0.991939 1328 884 125 103
0.84712 1056 81 90 78
0.199228 408 450 65 61
0.192037 266 423 58 48
0.112569 937 504 56 56
0.106761 326 407 41 32
0.105175 948 465 39 35
0.104052 209 439 44 40
0.103046 1777 277 62 60
0.102143 268 478 56 48
surv_images/5.jpg
3
0.97194 105 245 111 91
0.300964 1418 400 64 48
0.102471 388 263 61 53
surv_images/6.jpg
15
0.969336 1597 257 78 65
0.903042 767 710 73 65
0.747607 915 204 62 66
0.702109 1183 334 59 52
0.688502 203 278 72 65
0.544824 352 533 78 70
0.351246 789 354 64 59
0.17964 868 285 102 120
0.156689 1821 790 71 76
0.154064 277 128 48 45
0.151106 481 329 68 68
0.134028 1808 753 51 54
0.133992 1416 377 63 74
0.132288 1097 471 56 59
0.127247 445 122 52 54
surv_images/7.jpg
7
0.613831 1008 127 59 55
0.529128 162 303 71 63
0.512842 1487 699 72 59
0.39414 1320 463 67 70
0.300081 983 527 58 51
0.106043 11 304 44 43
0.10562 1848 355 62 68
surv_images/8.jpg
5
0.727518 1535 218 67 57
0.487035 564 522 90 81
0.135978 2 675 85 102
0.134459 489 584 62 58
0.102303 1161 195 52 54
surv_images/9.jpg
8
0.993229 1272 947 120 101
0.969707 379 450 82 70
0.910722 30 439 86 75
0.907843 251 281 71 57
0.597488 862 203 76 68
0.558772 522 242 69 61
0.119433 84 664 84 63
0.105496 195 414 133 141
